2.65621361952
3.42347059065
2.48255166904
3.26760798323
4.24342446066
4.05332129762
4.40161096745
4.50839882204
3.19563470524
3.96223386922
3.12282606012
4.10205221101
3.54821135207
3.71727186713
3.85890104955
3.28931922784
3.75933003039
4.24156630377
4.54281117122
3.95857442819
3.95600977702
3.64376113565
3.21564082617
3.43412172452
2.90205732032
4.10355026044
3.35070940461
3.66607332115
3.33804321145
3.91649402623
4.02447009979
3.26954687699
4.48634018773
3.71664703764
3.22366082733
3.03260861959
3.73863104813
3.99192198846
4.27830572931
3.33138078061
3.98973982165
4.09279050912
4.01330658056
3.58634298283
4.15499950852
4.09724222341
3.23429077749
2.62178520471
3.37941310574
4.17735356127
3.27176900166
3.9369221163
3.5245795986
4.01023656158
3.55883734289
4.46264666132
3.69364732519
3.49884044467
2.5815747035
3.53196515141
4.21421140372
4.2293776573
4.34313423792
3.66473033404
4.26039397157
3.47369993485
3.52489080047
3.71789991823
4.08709565621
4.22883198477
3.43559344492
3.4726435598
4.21701807121
3.78996049658
2.66216155756
4.32193342485
2.10540868197
2.89363603349
3.79604359942
4.46575592475
3.23299858846
4.20614837853
4.42194636365
3.75214650049
3.41216438614
2.37775002862
3.8160927864
3.18691474163
2.79384702591
4.06707449596
3.52125778461
1.93474335657
2.34224482489
3.17195292701
3.25709572527
3.80479754166
2.86446228457
3.78965144802
3.15285897894
2.95090399678
3.41839281214
4.38061070755
3.84406972198
3.76034895954
3.40076699478
3.40302852315
3.23940574788
3.64785615124
4.07804806504
3.91651799832
3.42958334087
4.25302212171
3.70120372497
2.70504335319
2.78458700378
3.69782542351
3.49010795343
3.86893180474
2.97097006683
3.72214043221
3.51359946257
3.64464905659
4.17844220963
3.48495501304
3.5337355531
3.73041681837
1.58304149276
3.73255488984
3.96280364345
4.32871032073
3.53639133721
3.45393645124
3.95869558416
4.11980923444
2.75257204435
3.44089342916
4.5631463197
4.48579780407
3.62090721397
2.33114859658
3.73211973986
3.46590748821
3.02841122123
3.04955435107
3.3500648191
3.63422638751
2.89840695046
2.68273664766
3.46403217666
3.448024804
3.90303620613
3.01315306489
3.68553288133
3.65331120277
4.13677495851
3.72236134512
4.12698268167
3.70721564927
2.62083038296
3.36215222379
4.20187543255
4.37105712338
4.3647140067
3.82930693852
3.67990401392
3.80773739317
3.57950775276
4.37058711585
3.08850622453
2.66922302593
2.13665369353
3.70817817315
3.19618768577
3.80883277819
3.84884357575
3.21461566725
3.29072890496
4.12802386235
3.69218819311
3.69541894018
4.27119483562
4.13232133807
3.38782281816
3.47852604781
4.51257519226
3.96856089391
3.6536511234
3.83154138867
3.64844561339
3.73233398481
4.03823324175
3.41084038409
3.36615740826
4.08809016768
4.28578796799
3.61778631936
3.85332722163
2.58196977661
3.85987007631
3.35473027282
3.87843945876
3.42272072149
3.67155247741
3.31165125631
3.45823193598
2.79965723742
2.86251072003
4.12991272743
3.85912959865
2.8956773283
3.67617270178
3.4120431343
3.50001568076
3.84285426171
3.55393464601
3.73088635939
3.29333049942
3.74865040116
3.41210964075
3.94167055492
3.54135129365
4.17903563521
3.45587702636
3.43131934163
4.14240924049
3.51836629513
3.3621704937
3.81782309548
2.71189545221
3.80892446888
3.76592223243
2.21912517742
3.87087060826
3.75238062492
1.84069779041
3.87800353234
3.99919108612
4.03798704017
3.84565852965
3.29069454869
4.22534879028
4.02317655899
4.02087135396
2.17301320463
2.80591304153
2.78504375723
3.6893773663
3.96406141054
4.11889948688
3.92641346031
3.49404589764
4.29757377771
2.92257829007
3.86158377398
3.86064769712
3.18912710072
3.79123802986
3.24658347573
2.17936855002
4.45407293526
3.24444863947
3.29195102666
2.65697015079
4.24934072381
3.71385620628
3.79060220047
3.47622978609
3.74629240418
4.04719328749
3.4469697108
3.49727821786
3.67937337669
2.7806613642
1.55535123267
3.79696456238
2.68533843871
4.33484435743
4.10690902874
3.80519127309
3.35497065566
3.62037886426
4.39233337714
2.97677284412
3.94409399327
3.88053899947
2.48133429688
3.37361934375
3.81631706832
4.02529303294
3.73106176065
3.7349520629
3.56332039765
3.91623689887
3.46526226089
4.34813815438
4.47327094485
3.70542146122
3.69666119588
4.31397967942
2.68357754875
3.17403519464
4.03550054091
3.70144839453
3.09517081722
4.01782585069
3.32787685837
3.72192856554
3.84309786958
3.46532424462
3.96674827712
2.36700606927
3.77363949217
3.59874137932
3.85767386527
3.46587307278
3.96065355705
3.89691059941
2.90420215101
4.45453368832
3.41141130399
4.260115637
4.19570645204
3.72680870684
4.24360305975
2.79667270928
3.45363836629
4.26747597684
3.75889127598
3.47169423154
3.73415639833
3.40564942875
3.91554146846
2.57974913752
3.69983341929
3.36064840987
3.59479412155
4.12458506091
4.47242112049
3.55455680166
4.07404113502
3.69045779382
3.34101050297
3.88771318212
3.92598211677
1.88542797736
3.77982465676
4.27741548459
3.959447485
4.05516226369
4.22287460249
3.85405747209
3.45420786362
3.78751526116
4.26416847436
2.88415867277
3.46631993704
4.08572322844
4.01090771894
4.12134221572
3.34424837437
3.65379147411
2.67953244059
3.80053409998
3.70587495674
2.9123185474
4.09987320394
3.4054421212
4.04909715032
3.98309974019
2.64134792557
3.45331444227
1.56129482629
2.38629962059
4.07094858906
2.15578437326
3.73239249115
3.65026928703
3.85491019509
3.68188149185
2.50322184052
4.06292789412
3.34534435953
3.65985903026
4.30751724367
3.44247825269
2.97936665354
3.06153222724
3.48736371987
3.66337507775
3.6515050756
3.86793629214
3.13652473057
4.05871484802
4.14198621111
3.6431678182
3.36591510906
4.12419965661
3.34788242775
3.5555615741
4.22344019345
4.17185234335
3.46905629588
3.54240336753
2.80122731436
4.10186824429
4.30531112668
3.44066899805
2.52040424968
4.25653694815
2.12233054011
4.18219539416
4.21033776851
3.92699485387
4.25890950381
3.54036367191
3.2528280315
2.51020947899
2.74232593743
3.088015302
2.87889205669
2.97255136777
3.01221899206
3.33754900492
3.23103783354
3.72364597882
4.3101678932
3.96940435593
4.07802535874
2.80024611096
3.69049716261
4.05334836371
2.94030436916
2.48590613762
2.63074830384
3.67864291446
3.9087943459
3.00700867081
2.96558898986
2.52972613398
4.32601749364
3.06426244642
3.09332601957
4.11127685238
3.41354441687
4.24946013069
2.65716332921
3.8239430852
3.18556130946
3.44946182798
4.38972108586
3.35256320678
3.03240236597
4.34929850502
3.05800723141
3.53605556983
3.18996746589
4.3888647492
4.06341779898
4.11033203857
3.35806472963
3.20126645443
3.79589282871
3.62839546247
2.15835382541
3.07372145432
4.19907215383
3.54536875171
2.86714834376
3.49083363299
3.84374078341
4.26577990059
4.08186899763
3.33372702133
4.06874294048
3.47212120828
4.51312395895
3.73213461418
4.28760782974
2.15588811021
3.68013841498
4.19984665262
4.22736816277
3.33051309401
3.32558795505
3.50772901202
2.78014564563
2.67382817248
4.09732562141
4.21526860396
3.67383744485
3.65450353558
3.35157555022
2.35606820896
3.49335557587
3.47111401453
4.00197515857
3.66313226442
3.37303407967
3.91521088118
3.80067680491
3.63579157174
3.1789417388
2.36622463368
2.3885402656
4.29801064391
4.06536412311
4.18097053965
3.76131572397
3.29086062593
3.8756130192
3.6922590112
3.47314181178
3.82187062367
3.20927047312
3.6987158295
3.18099831337
4.12416001375
3.75541262547
3.73194127004
2.79190485325
4.21998420699
3.91282113754
4.19969314609
4.06243784856
4.33531375639
4.30683945987
3.74010782128
3.20372737289
3.44951487011
2.88523864786
3.19254788164
3.37840490979
4.15650010232
3.38600347848
4.24381174303
3.26401210901
4.02542874271
3.45507355677
3.6718924987
4.26759712081
3.80427884638
4.38086046026
3.68741226632
3.47174945906
2.88837538995
4.53009558883
4.09829787086
2.94604867551
3.91655487434
3.87460560596
4.37127107015
4.13978496782
3.62190682322
3.99755150496
3.56899544356
3.62790753569
2.52629035605
3.60194995599
4.28080704563
3.85006403693
3.16424885582
3.36446604945
3.85907090091
3.71980715112
2.58080073348
4.35079914726
3.85356847734
3.85051620892
3.51567813197
3.28745921918
3.67424094746
3.73498373749
3.79284450519
4.27806990509
3.88820475423
2.15616479087
2.69837662116
3.80892635345
3.39301769246
4.03700116572
4.07184212469
4.20870418589
4.00449060527
3.67454907137
3.61894968412
3.61097467681
3.20891054044
3.20607284905
3.72430769599
4.36535017825
3.8628101251
2.55880431046
3.36192571631
3.86488666223
4.41995561987
2.10535386074
2.76876404309
3.96768053322
4.22505741343
3.91703068468
3.9418005982
3.35614113819
2.95901708386
4.20613706471
2.92047731655
3.43360527916
3.69299829408
3.9683102876
3.36522388709
1.77845596165
2.02761580023
4.07446618201
3.9193922555
4.06177106496
2.4889412574
3.41730952911
4.05073546092
3.87500688096
3.85934531702
3.87990003534
3.70905470805
3.92572019991
4.1098024024
4.02558830673
3.79544581694
3.42675224003
2.52027066287
3.96991379254
2.88599883107
3.87797806388
3.76159294411
3.61979807417
4.3197715923
4.48517840225
4.26813460794
3.55218144748
4.3861574389
3.94172921484
4.1727350897
3.72673349131
2.83633844998
2.20676881565
3.77808029199
3.96436742758
4.2721446535
3.7505915706
4.19187678317
4.05283360004
4.38074180189
3.17073873614
3.58601142129
4.09406899155
2.77834508588
3.70593491027
4.05393601764
3.11439843128
2.80984142439
3.73309825329
3.6372867701
2.6872997412
3.24406244728
2.72625451619
3.67377627925
4.10727604632
2.79504695743
3.50880877225
3.96183067566
4.08875744725
3.69467449214
3.82672378913
3.62870519573
3.54447311582
3.40134593313
2.57609429235
3.99749142067
2.89558141062
3.60667679428
3.85460312091
2.99888725958
3.23542208966
3.41636750663
3.66308330491
4.25896824643
2.52489313195
2.62131526893
3.04179150861
4.05473726536
4.19793334534
3.99269285547
3.42058068663
3.17929584221
3.78846862638
4.18677126329
2.98544151844
3.20019182214
3.00488765631
2.58481050834
3.36123834929
3.49766769978
2.26200228336
3.47379149898
1.97591191751
4.2243121913
4.27844773353
3.4489541306
3.62822282159
3.68467989375
3.7522351648
3.9766382464
3.55825647022
4.12024100211
2.32425219806
3.64028987364
3.449407451
2.12151819267
3.23281236419
3.86404068769
4.2691981725
3.71823354797
3.8881698432
4.03650790389
3.69082546674
3.75207923049
2.85850021069
4.12437131957
4.25203000366
3.35756243653
3.41615237413
3.05084328947
3.35051461201
1.94356726569
4.10606490115
4.05658898488
3.59441919068
3.81420311674
4.06484051856
2.52704460073
3.99899322303
4.40963598153
2.90664033706
3.86486801488
3.81705912675
3.80912427318
1.97172638525
3.49830150846
4.0121297842
4.13016642297
2.60548713113
3.18827446421
1.62974540422
3.22517330425
4.53481269655
3.36574982689
3.2482714414
3.20644582481
4.24400263993
3.41031753014
2.11803899748
2.98810355498
2.8910412141
3.84188023516
3.57628881952
3.20935015005
3.86344799443
4.47241240998
4.33285727934
4.26373636392
3.87537796119
3.97033051046
2.98473594687
3.7299016897
3.87583500889
3.12189486632
2.97360476493
3.68301969597
3.35469378755
3.64866544195
3.04039207587
4.24291972015
4.27816977623
2.6936416215
3.20021654311
3.46117683139
4.31595480302
3.54840799264
3.42082712578
3.91505826858
3.41284212118
3.80230110138
3.79596991336
3.46479157569
3.45913183314
3.492638597
4.09795191495
3.75148380901
3.93442040634
2.8709562321
2.99058428332
3.60771874338
4.16628843391
3.41242600252
2.36998803694
3.96646972407
2.72136173101
3.2919431223
4.24635402853
3.77445880523
2.07768881009
3.64221861708
3.68220423343
3.9305775138
3.68461436946
4.30892672875
2.21980128326
3.90218514668
3.85281792376
3.14950436441
4.06624755961
2.80018166689
3.54963373393
4.32530744694
4.30622991097
3.76138793331
3.86309234968
3.67817386747
2.63349984497
4.0597023574
3.20091053122
3.75371951828
4.36423003438
2.1591026569
4.09595393215
3.2852524707
3.17512003456
3.54320287886
2.90106173639
3.34969756828
4.52605347679
3.1953468418
3.04248429855
3.68340219476
3.49220610802
4.10773897732
3.42930349292
4.13155878765
3.72690734275
2.83893258066
3.86320769831
4.14012308382
4.11221634231
3.65552750894
3.78892906118
3.47119741497
3.9538829965
2.97883379825
4.12605259523
4.10912851568
3.76722876789
3.9719104484
2.95480200276
4.05526907564
3.4106722123
3.67862202154
4.07796465185
3.99646959393
3.54959430574
3.68370051351
2.17998618013
3.90802855046
3.3123755575
4.17563270588
3.80397344706
2.89657410733
3.55069433281
3.50594450458
3.26575159357
4.25757262748
3.13189995769
4.0
2.62981141819
3.89395428725
4.32910322696
3.1565723918
3.6553842122
3.19371503077
3.06737754341
3.28756577735
3.33578705756
3.6358195574
2.89808260632
3.52787323186
2.78789802416
3.37544397635
1.56122943421
3.50672186808
3.83377732819
4.30020175078
4.21957987975
3.95873724969
2.93190814304
3.20056838572
3.2595666835
2.8789054282
3.82906727062
3.45704113476
3.70421763861
4.0749142607
4.10179862901
3.48298434893
3.6791449231
3.71671469287
3.59929547899
3.59446309304
3.54493233612
3.31204869988
2.16710744721
3.91937670028
3.75894238811
3.09624940098
4.03741105309
3.85055793856
3.18740264427
4.07932873034
3.6827025026
4.20319203421
3.57539349135
3.84544033347
4.23714174764
3.78640689457
3.94174356915
2.79202785639
3.96658826965
3.83031196469
3.8449057653
2.75051013191
4.09291171522
3.45755892444
2.56622063924
3.52243863245
3.43771323859
4.09358899967
3.88760682684
4.12117937489
3.42298538316
4.17849558885
2.67065260387
2.96584651543
3.17904833361
3.79538270532
4.13587823492
4.13368842775
3.40816545709
2.83064954755
4.03889085619
4.02363664984
3.50755418207
3.12127728016
4.1142050277
3.71426140734
3.45435969044
3.91305841264
3.99312951473
4.26521893424
4.13236021774
3.57587742466
4.21841298579
3.11375625966
3.1961158995
3.74228813483
3.92112510396
4.56510074842
4.26392848585
4.35166024415
4.24651156911
4.23282009698
4.02532347056
3.14244436859
3.46170051515
4.52532005954
3.55406522055
3.40701762325
4.17901281256
3.33619282974
4.11616197855
2.42670129544
3.91194322114
3.99069063715
3.47780296661
2.80222588717
3.13480421251
4.05549308994
3.3499285761
3.09009682166
3.21380398223
3.2652841059
3.20440441922
3.20874196498
3.77140262079
3.75745853345
3.48043335202
4.31700367508
2.61396537238
4.25558592966
3.03261005457
3.13932957619
3.76722706487
3.44428044883
3.74462640307
3.76795267641
2.98024480435
2.52165620739
2.67358044093
3.4255695647
3.95767818648
3.54202023741
3.95838858967
4.17267915138
3.6274733028
3.54235227224
3.88380401764
3.95989299023
3.01115935146
4.47655425254
4.32216946909
3.85524569722
3.75147631014
3.66065420993
4.37080436497
4.20858678314
4.51464541593
4.25227582569
4.32528347139
4.01039374096
4.094917113
1.85441614129
4.36673504459
4.21860063495
3.60572674446
4.11006326971
3.76121061695
3.91706345503
3.18052766474
3.21232345509
2.36463645066
3.55578252066
2.97441624417
4.49911908941
4.11546865916
2.8879884442
4.24735622185
4.22865247284
3.28085896447
3.8195594776
3.56243367502
3.55349208144
3.87476337288
3.54290367125
3.97094509429
3.12192252841
2.97556325431
3.71625558331
2.24262152102
4.04790899384
2.84637839991
3.95828559137
3.03819768889
3.3397423857
3.90324884225
2.68593508862
3.42737182545
4.38623557142
4.19141493896
2.55517463507
3.21402918659
3.14960923899
3.07219988431
3.49564131369
3.19866586169
2.95339130847
3.37542569844
3.51907296207
3.91916844684
4.07176851382
3.75498912115
3.75839390001
2.78376546107
3.95740713503
3.83006532528
3.93559411166
4.00388458731
4.0595822682
3.27058431964
1.94507217107
3.85952914628
3.25040896773
2.78951386104
3.75965261701
3.8039493303
4.25911820885
3.78762737796
3.860685508
4.17914658045
3.32950553627
3.24106799273
4.55039471214
3.12221625335
3.85646306041
3.53974148103
4.10766295762
2.47613932592
1.94272092902
3.86101408551
4.14022723845
3.3510287534
3.40793791366
3.20111231663
3.86711545294
4.22540315498
3.66522958823
2.88863213172
2.81209255891
3.44054445418
4.28813126889
4.25492595467
3.35198369525
3.65181027282
4.47157997861
2.43917271634
3.57276413472
3.41448975282
4.40785054118
3.3287607368
4.50956020059
3.17422685161
3.17274192792
3.28915043397
3.05609905132
3.89978652381
2.88001554249
4.30091062709
3.73035109321
4.19156633475
4.25186903856
3.42685308248
4.38635145737
4.25637999971
4.02648425905
3.52695557802
3.75055940376
4.13359077053
2.31746448726
4.36403567105
2.86119560066
3.61481237144
3.76139568284
4.22592631452
4.11291717891
3.54919348166
3.41575652968
3.53586660178
3.25515555037
3.44480216951
3.71571288797
3.30236321894
3.07927821013
3.70726236028
2.63411439966
4.1360379101
2.94833806135
2.84794674151
2.79854243299
3.0972937372
3.94563289117
4.32604935697
3.87522444714
3.0523070092
4.14043598875
2.75504758425
3.45858085904
4.17848610745
3.10223919697
4.02129648644
3.16600755547
3.61840416191
3.46091097981
3.63983209328
4.24148414836
3.69538317361
3.68942896861
4.55980993823
3.35567115454
3.67873226041
3.01437669348
2.98360644004
2.79706749002
3.25840187549
4.22079683508
3.05185350037
3.19768770267
3.08949300243
3.46281077713
3.61414891195
3.78726031765
3.69890231769
4.18969754576
2.80388930697
3.75639789448
2.95513522057
3.87562942031
3.29517513614
4.32823186795
3.96133905911
3.83786392177
2.58274488922
3.1874341544
3.59748972257
3.61409203866
3.7645102009
2.94548504174
3.12093835779
3.03919741126
3.22008659359
3.3042539757
3.32957981388
4.29794864431
3.62248167943
4.31122710013
2.82924856713
3.60357242864
3.6435865663
3.94455969882
3.03938033793
3.58820735072
3.76683663396
3.78739951834
3.47594100185
4.177490474
4.22418262512
3.76793709105
2.24301445118
2.22454679724
4.32198542361
4.24737415895
1.721868421
3.84669543856
3.91570722569
3.46537191438
3.05789867845
3.06943513072
4.06203009074
2.92903156718
2.97753710926
3.08087536112
3.84749460564
3.01331215421
4.059046815
3.83335148799
4.09645851601
3.99798719551
4.01176928633
3.29671199916
3.71608909038
3.59641527048
3.67766989337
3.43646907592
3.35198098129
2.7486601649
3.63144027399
4.03330165542
3.48402755466
3.68637324825
3.60219768167
4.38679643131
3.04740359016
3.55427868164
4.47526795032
3.2892583255
2.26842211133
3.87566226619
3.96327680601
4.06013705713
4.1024316505
3.71929829202
3.886731376
3.69167195166
2.45739691253
4.11125873687
3.01751678308
2.9419998039
3.64157879436
4.03532961059
3.61224018038
4.2721424245
3.70787708041
4.00067122419
4.31770690607
2.73341455262
3.20099705754
4.27698171101
3.1121156955
3.95571239814
3.27935389782
1.98075257116
4.36154264168
4.06289766967
3.75262247709
3.46288109074
3.44656541292
4.26015368518
3.02104911842
4.06291393675
3.69783172258
3.95282684356
3.71651315217
3.91144462219
2.99811355314
3.79960369847
3.93367221617
2.3102329774
2.95277549094
3.62798677367
3.35779030198
2.15133014218
3.8036024434
3.66807919296
3.50846881667
3.05829053631
2.52776847905
3.42528641783
4.25010908249
2.73831610661
3.92982330923
3.24251493324
4.02503367467
2.95132725775
4.21636036233
4.06338409827
3.91935492588
1.73328830845
4.09028927369
4.27498991664
4.10984655921
3.91717902222
3.78816325978
4.13991243403
3.57828077984
3.68618689723
3.75337276721
3.69062377442
3.28962284379
3.84479325697
2.52502741318
3.57498103604
4.02892047025
3.74962166134
4.36146396344
4.26533430337
3.87667798692
3.50332565151
4.30918644346
4.27616269623
3.20330910042
3.49413738775
3.71568193859
3.08441912274
2.97074255244
2.66161770062
3.47039345464
3.87530292525
3.33627336119
4.17725106515
4.10942240086
3.39058019802
3.08611330208
2.39190357561
4.02963828874
3.47767698904
3.59606998505
2.22201533543
2.02294187995
3.06074886007
4.24975155853
4.30439777178
3.83130358721
3.4400784342
3.78059214591
3.62555339999
4.25536815822
3.8648608873
4.51166415452
3.73295308182
4.00224795193
3.80338602539
3.81776737532
4.50718844613
2.97199442051
4.10562591705
3.89033564012
3.18139160183
3.72517092402
3.45007630337
4.09343902362
4.31907242153
3.64939955172
3.88048263055
4.2593324086
3.65215589975
3.89143580525
3.87705656631
3.17396981776
1.90665670736
3.78918046243
4.25523106953
4.25287482022
3.1629990843
3.80858074049
4.10547076534
3.95149625247
2.66227801544
2.12489536923
3.57827027016
2.51249406527
4.27903747092
4.03610325821
3.55361492416
4.11501233186
3.82338329931
4.1413575895
2.10153429372
3.53852764597
2.63695878956
2.31523407927
4.06168310452
4.37821767172
3.52010346738
3.41575091748
3.22285707552
3.82863071677
4.05494625368
3.49175222813
3.59015269627
4.31190640634
3.38922629897
4.18899440144
3.00945327248
3.50196287364
3.99846046795
3.627930009
3.70759806472
3.74772210397
3.47822794573
3.76252731111
2.60126189612
2.69684750802
3.49279643416
3.86674457988
3.59992843968
3.25992744763
4.42352104155
4.02797628648
3.78049520746
3.52773923715
3.49309013944
4.05916139986
3.49205367121
3.46188650835
3.82736824388
2.66072025657
3.85959795148
3.78618443572
4.38776069687
3.63015413508
2.51257920403
3.49510420478
3.9651010902
2.89924027809
3.16742161598
4.36861850607
4.13264923625
3.85966380576
4.2875536596
4.33810643662
4.26849721171
2.82561076888
3.63940688632
3.80075104461
4.0869261812
3.09089821549
3.5576025488
3.8771414556
3.83838368702
3.27201501057
3.87962573423
3.08644123055
3.91491469186
4.01119728532
3.10695187357
3.58512391546
2.66185301127
3.9838022991
3.96289543063
4.04260556362
3.1629299099
4.11542128562
3.03893391665
3.95709585735
3.82993612812
2.98242055429
3.72268626407
4.07949869356
3.95264855898
3.45524038971
3.71027021956
3.03292226919
3.76360809386
2.88511431038
4.35259333203
4.22343452735
3.39266748166
3.81741090459
3.67346518109
3.29890264432
3.30130882704
3.5477970529
4.05298548447
3.73261441686
2.04484294338
3.85179246425
2.6979140449
4.27135969724
3.91851579313
4.08486427498
3.91340657265
3.75785774098
1.85092731752
3.25842526285
3.64020682668
3.61142929862
2.23917648774
3.42211578153
3.43021709428
3.75135971696
3.34276342953
3.41511000841
3.76637472798
2.50089657576
3.26155570263
2.86048988366
3.00268864666
4.18703133795
4.33694489587
3.61982794748
3.04810223256
3.5733252234
3.00121974872
3.60502694358
2.96631391289
3.41603626526
3.70756016651
3.63854280598
2.66150834325
3.23314363515
3.87171355813
3.5388269286
3.2030549818
3.51311575692
3.49714810932
4.50132198817
4.2494195728
3.60734581798
3.55430626941
4.11392999346
3.41340299524
3.7315655146
3.49428043032
1.91196592723
4.04217367026
2.77218052588
4.39016888193
3.47629493428
3.76632166582
3.20679800332
4.26693488285
3.25600174328
3.72295861591
4.07318287722
3.43020671251
3.5591700136
3.92400684774
4.38765628382
2.93061828127
2.46778877012
4.07048062525
4.15599377029
2.83016354255
4.36341715006
3.4576568499
3.30410359817
3.53479758017
4.31975412412
3.54319280663
2.90759704228
3.66238564497
2.89898922249
4.00435119107
3.61964031349
3.63606359108
3.43065593643
3.60799884929
3.63802609866
3.96365708001
3.35985465257
3.79875886174
2.77054866602
3.49270766638
4.02244542816
3.07642480509
2.9591634666
3.67212478152
3.2330449384
3.40406999901
3.91455629547
4.25858985158
3.95520829816
3.72140132254
3.65195086151
2.92090776883
2.26539694235
3.69079669156
2.67251689836
3.59222086443
4.10940248708
3.8623722855
4.25120283122
3.43924601972
3.20172560644
3.94439206312
4.2465698286
3.70540789665
3.96135251993
2.88312713255
3.38521078025
3.80354865595
3.993726536
3.17019189394
3.47979539619
4.05450021556
3.63766542017
4.38417333477
3.22772900605
4.38050072642
4.001492684
3.21441748466
4.12106692077
4.06003057829
4.38862758801
3.90088514101
3.79778098772
4.20674422109
4.0368875174
3.79198397268
4.02310903725
4.09802667173
3.94170873085
3.8307023518
2.83535602072
3.24393564106
4.06323596433
3.89393889911
3.76313295082
4.17271842589
3.57521538458
4.08179154564
3.74177274044
2.55612475224
3.8479720756
2.12397809495
2.43512636326
3.72526095131
3.21524002587
4.110994976
4.12118907949
3.30516985401
3.18518937558
3.89072245833
4.13542235678
3.78862438569
3.34670887097
3.04510906112
3.20744065496
2.85156041586
4.3248990955
4.05734617307
4.12535427638
3.00706478265
3.47715614603
3.7139074522
4.05860688183
3.71329592761
4.09633593343
3.41042912061
3.77386778395
3.03035207792
3.89241410905
2.84457013987
3.15204065777
2.74287416158
4.39038838784
2.89188504085
3.72331046638
3.72395666954
4.31360684221
3.33252699722
3.7526846667
3.40246931239
3.73339044533
2.81974101984
4.08728392094
3.86099532995
3.36449966753
3.27012325491
4.13515140028
3.44133900081
3.95993721904
3.03940978482
4.21555180133
2.87048227845
4.04773522462
3.93558389111
3.76640477976
3.79471428364
4.10395879904
4.24461058591
3.90421007988
3.96487087129
3.56942253861
3.47740097482
2.60419959231
3.40104529938
4.14082572516
3.14428569174
3.03550432543
3.48688827697
4.36924288586
3.80327391724
3.05230912192
3.50293298428
2.45290798791
3.60894755216
3.84426204339
3.86787150706
3.0815523726
2.89465208412
3.89721066661
3.60747403676
2.99442270375
4.05615959883
3.69421942222
3.92137060866
3.4553069579
4.13063149362
4.50297265062
3.95622200337
4.27617635663
3.49068630403
4.25442252091
2.41060993873
3.42965364483
2.80638520117
3.93499746971
3.63987091381
3.77866745939
3.9577482011
3.56009283206
3.75503559893
2.33266119103
3.91254558587
4.24952421704
2.63541466249
2.60005753944
4.10792407397
3.82926415551
3.93834488912
3.96849299068
3.05660060968
1.58484956636
3.2672460723
2.61096031401
3.22246032154
4.30657212162
3.7740367114
3.4100369229
3.39657559785
1.85260286308
4.25266316505
3.53157935477
4.06684609263
3.87693553152
3.68903407067
3.37777765751
3.37894796462
4.07045676214
3.18808049161
3.79458920806
3.37903696536
2.08029851801
3.75300968779
2.51906288792
4.01330308548
4.34756604139
3.64846007926
3.0333994058
3.42400842205
4.01536714732
2.34336663558
3.77027416849
3.47762342405
4.30492694711
3.82887917181
3.64605504924
3.07945112346
3.17156062534
2.91078817394
4.10342027869
2.99575281691
2.80014888941
4.20349490606
3.50822798304
4.07535615269
3.35372969039
2.21709631545
4.13072408706
3.88234109388
3.68983815906
3.24397628303
4.08438809498
2.7828374372
2.80886672892
4.5111068303
4.0055626434
3.12100606585
3.64530663555
2.89301427144
4.22791130233
2.96293139621
3.27091182534
4.32370387887
3.60270621407
3.78653072538
4.14858936844
2.55777253208
4.30666505472
1.72507605228
3.17895372179
4.24292104721
3.59289098608
3.27919458456
3.12663361068
3.9153285631
3.96676706913
2.59432241007
3.63806570715
3.34211062909
3.34884632819
3.64473029064
3.92952756463
3.38247617381
4.09497702649
4.13281802884
3.85053094584
4.22514555362
4.2244315408
3.73685491146
4.08777440752
3.96273225233
3.5966939809
3.6884095204
4.38197568364
3.35378776732
3.43758438094
3.79036610427
4.05674173075
3.15539956409
3.91517077992
4.21504377314
3.98650296483
2.6087373739
4.39054837425
3.95703075344
2.52619061068
4.18414928608
3.74562530703
2.88363145484
3.91550193387
3.96081350146
3.56249582621
2.99168798838
3.90517069311
3.53577135263
3.90097724846
4.10575948114
3.75841064551
1.50241709706
3.76112222136
3.72103380545
3.60439527824
4.10119380286
3.72466920533
3.45008169379
4.4530345374
4.15969361032
4.0983101382
4.0742668475
4.33043187737
3.61950634778
3.63125316701
3.95097437779
3.86485141473
3.49141613062
4.05257426761
3.99311088424
3.50835678521
3.49515812649
4.05595205545
4.02283808248
3.57000172638
3.68881274846
3.40671090799
4.29495644058
2.04924688456
3.18341942233
3.96852708551
3.94198520896
3.57759520691
4.17843647031
2.55686896458
3.30900256793
3.95657440424
3.7876203129
2.86915599793
4.15703943035
3.69835954248
2.37049247621
3.94101149696
4.16581320857
3.62496537769
2.50801810968
3.92531770734
3.08513665378
3.20207136426
4.27772031318
4.02258216084
4.13664850273
3.416579562
2.65836333047
3.57711556754
4.04336269252
3.35230981074
4.32760813949
3.77161316768
2.37628412023
4.22577927285
3.8580779116
4.22880731088
3.70801270748
2.6032897296
4.07424593339
4.19338746771
3.47289011252
2.66851782851
3.68128477742
3.75884850909
3.96525657362
2.04419591697
3.72355298733
4.1277557574
3.20762086989
3.99632003218
3.62132509235
2.94096994356
3.43202180918
1.86675333476
4.06284751123
4.30630511382
3.17415907548
4.41796365223
3.92229342619
4.10572803964
3.53630137179
3.86295512514
4.07041798724
3.46160803163
4.18853535459
4.13980024037
4.02433579709
4.31206803984
3.99831813856
3.75551344917
3.71725704863
3.48158124719
2.23950403975
3.95907816491
3.35746134867
3.52821006681
3.21932994999
4.19680826184
3.23352341023
3.30949985835
3.61606232748
3.29537287288
1.851245716
3.29037713535
3.86954934111
1.91487402438
3.77204126071
3.82521017669
4.09841662449
4.0727451892
4.37057698449
4.28051140004
3.6890711805
3.94253319799
2.82981911953
4.36296228839
3.25367123144
2.32476277067
3.91386462699
3.39049343373
4.47617119749
3.70018831065
3.64666832466
3.54629643038
3.97168819175
4.2354386357
2.89713026245
3.44185176701
3.68614038592
3.55507821706
3.64621627256
3.15823891353
4.2413336657
4.06473631878
3.96488739325
3.64866681931
3.25766299979
3.9049630114
3.25970934266
3.82098280169
3.74129012623
3.42079577195
3.73103087551
2.95598286204
3.28516846202
4.17839058125
2.60522121192
2.06790597263
4.29962914466
4.06698361809
3.95569853909
3.55127561481
3.61113746012
3.91208178848
3.4353869006
3.2227024965
2.7017685699
2.37503626479
3.07919027825
4.26224884598
4.05128411562
4.11937346471
3.21952107867
3.71297402312
2.77645804771
3.56456799545
4.19071587516
3.77616563823
2.3358452765
2.5116712426
3.16820246104
3.4276450185
3.99703153822
3.44269395368
3.94030644662
3.48847609855
1.72744170411
2.26172682206
3.91597464104
3.42616992752
3.85955846181
2.77989898607
2.10081399712
3.01560722811
2.94271873137
3.50253653007
3.46094227237
3.23290884943
2.95340005692
3.2848348969
4.10020834301
3.32994612593
2.69834225299
3.72598485683
3.58472873048
2.39235430174
3.57710250936
3.49013413054
3.25657062903
4.07352420769
3.41318892538
4.31768789448
3.32776506649
3.20030024575
3.91929575771
3.75903355746
3.48575148374
3.56520119021
3.47785014028
3.55544222064
4.06449438651
4.10305897341
2.95764096479
3.71810793848
2.68359805407
4.33352877207
3.91204601184
3.55194128443
4.25907718594
2.25813757189
4.0879520635
2.52356136508
2.96779702858
2.69211946488
3.95037080383
4.05269353231
3.70546588003
3.43819004987
4.38901530694
3.87217599117
3.40618360509
3.58984775218
4.17444979404
3.87147462302
3.53262004169
3.42678175044
3.93621151172
3.00448350756
3.66816396968
3.19941364559
3.12495715097
3.90489416257
3.94013043292
3.74673703672
4.56377536468
4.05386118899
3.16249065219
3.71036694603
4.11113228948
2.38040436361
3.46819192453
4.08929771001
2.81834555532
2.87910559651
3.29814129717
4.06989542696
3.44058840742
1.87109286133
4.26363346077
3.06904100871
4.05352060545
3.94198719016
4.20544152334
3.77464798427
4.13591996216
3.46929104599
3.42739429859
3.41358307507
2.94857986944
3.93234451364
2.49940395828
4.24503305165
2.98648081385
4.00005037844
3.28276542665
3.39575276459
3.962939277
4.31393403057
2.90630738135
3.74528319633
3.9347569841
3.55711147272
4.49703075251
3.31733382444
3.80690691047
3.2186736972
3.97537118999
3.18161851734
3.41485337513
3.11706306188
4.25148053626
2.06658309811
3.24142302364
3.62423575163
4.36456341118
2.18009003149
3.51686410474
2.94189344469
2.77411623128
4.00831432122
3.52604999352
1.83034573197
3.44444343692
4.03108151508
3.37455049462
3.13503753436
4.17343780882
4.2567324389
3.99704930848
3.00902569623
4.47665135002
4.09682836564
3.91595399533
4.21937010497
3.38161178488
3.15926908108
3.26238561338
3.38070563478
2.78053228757
1.83026264387
3.31231071805
3.87536552294
3.68962115018
3.75366225926
3.89360810035
3.74866133474
3.64572208766
3.62788162663
3.03196341572
4.30910490336
4.24980646051
3.45440157071
3.89512623634
2.11122111578
2.44929162059
3.34334348474
3.8692463951
2.61477048356
3.20693590252
2.6800478386
3.53923037394
3.08108947591
3.75229663928
3.60019972002
2.88309228137
3.43061150327
4.21513466084
3.7412678509
3.62263117825
3.14791997567
3.81091984333
3.16305865366
3.57084187222
3.94940746298
2.58178840523
2.63866435967
3.44206574707
4.10452264454
3.40152249995
3.79329464845
3.95791595203
3.49415136207
4.26360485687
3.78210228443
3.94259063901
3.18646612582
3.43667026749
3.29299116018
1.95148563063
4.15201972096
4.48387771558
2.23726031264
3.89712933248
2.91516877861
3.43448475692
3.10742408574
2.85831989745
1.58100061334
3.35399754538
3.64353577598
3.43004311207
3.92150124024
3.71599394559
2.92178279903
3.58302652136
4.09475958085
3.75547249182
3.50938359863
1.91948627758
3.85940674449
3.86544674938
2.6699971017
3.40060297883
3.75703555243
3.26890336461
4.30515065882
4.05412162478
4.1293018244
3.40969450029
2.26259349509
4.26739464896
3.07982114237
4.07673414821
2.89537847212
2.96689875796
3.30208592084
3.22343698175
3.48348911621
1.57539372011
3.11599298123
4.05985479675
4.05524355932
3.78754587938
3.86622297859
4.27620488854
3.55598891572
2.30458413586
3.8578194792
4.06966692155
3.86238012141
3.58151959163
3.8620365857
4.19163324309
3.58476986043
3.39394329174
2.78649116148
3.43709055723
4.39061672739
3.99721357248
4.24427150368
3.65059508403
3.73505130974
4.14178375312
2.42989903169
3.71760897746
2.39687597036
4.31964126577
2.78947311491
3.46792554031
4.33260163585
3.57339242684
2.24938932107
2.57943044735
2.90076691852
3.23229687473
3.39687584069
2.9465695191
4.12597775088
3.63080921924
2